1000
50
00000001000000000000000010111110000000000000000000
00110000000000000000000001000000000001000000000000
00110000000000000000000000000000000011100000000000
00000000000000000000000000000000000000011000000000
00000000000000000000000000000000000001111000000000
00000000000000000000000000000000101110001100000000
00000000000000000000000000000000011000011100000000
11100000000000000000000000000000000000011000000000
00100000000000000000000000000000000000000000000001
00100000000000000000000000000000000000000001000001
01000000000000000000000000000000000000000010100010
00000000000000000000000000000000000000000010100010
00011100000000000000000000000000000000000001000000
10000000000000000000000000000000000000000000000000
10100000000000000000000000000000011100000000000000
01100000000000000000000000000000000000000000000000
01000100000000000000000000000000000000000000000000
00111000000000000000000000000110000000000000000000
00000000000111000000000000000110000000000110000000
00000000000000000000000000000000000000000101000000
00000000000000000000000000000000000000000010100000
00000000000000000000000000000000000000000001000000
00000000000000000000000000000000000000000000000000
00000000000000000000000000000000000000000000000000
00000000000000110000000000000000000000000000000000
00000000000001010000000000000000000000000000000000
00000000000001100000000000000000000000000000000000
00000000000110000000000000000000000000001000000000
00000000001010000100000000000000000000011000100000
00000000001100000100000000000000000000010000011000
00000000000000000100000000000000000000000000100000
00000000000000000000000000000000000001000000000000
00000000000001110000000000000000000000000100000000
00000000000000000000000000000000000000100100000000
00000000000000000000000000000000000000011100000010
00000000000000000000000001110000000000000000000110
00100000000000000100000110010000000000000000001000
00010000000000000100000000110000000001000000011001
00010000000000000000000000000000000010100000000001
01100000100000000000010100000000000100100000001000
00000011100000000000000100000000000100000011001100
00000010010000000001000100000000000011100011101100
00000011011000000000111110000000000011111001000000
00000000111000001100010100000000000000100010000000
00000000000000001100010000000000000011000000000000
00000000000000010000001000000001100010000010000000
00000000000000001000010000000010100010110110000000
00000001000000001000000000000010100011000000000000
00000010100000000001000011000100000000001000000000
00000010100000000000000100111101000000000000000000
